          20          13   362.63569999999999        585.79999999999995        47.161900000000003        51.562700000000000                1   51.562700000000000        51.562700000000000        51.562700000000000     
           1   362.63569999999999        46.999833103345082                1   104729.97132244430        4.2190905145743613E-006   1.2114178319284583E-005   1.7127554053108111E-002   2.3728565828428626E-023   0.0000000000000000        7.9437781955913958E-003   12.346795127646345     
           1   362.63569999999999        47.399831691904012                1   107139.69221936626        4.0259533506113592E-006   1.1424217674879208E-005   1.6699008685049060E-002   2.3133768574378987E-023   0.0000000000000000        7.6197477399598691E-003   12.328963085571697     
           1   362.63569999999999        47.799830280464001                1   109640.26988046733        3.8330663778589703E-006   1.0752647850424839E-005   1.6262827262376447E-002   2.2528445837716177E-023   0.0000000000000000        7.3001261179479610E-003   12.305127685729513     
           1   362.63569999999999        48.199828869025048                1   112236.02810564671        3.6392751204210457E-006   1.0109620104485934E-005   1.5826375408235629E-002   2.1922807356409311E-023   0.0000000000000000        6.9863110761913278E-003   12.277611651917903     
           1   362.63569999999999        48.599827457587168                1   114931.54406868643        3.4499509086946697E-006   9.4899357738478398E-006   1.5386250622353949E-002   2.1312146382923115E-023   0.0000000000000000        6.6797427291730724E-003   12.248671205872203     
           1   362.63569999999999        48.999826046150460                1   117731.66587156328        3.2674491033934555E-006   8.8856830901551330E-006   1.4936058262251532E-002   2.0687600697696441E-023   0.0000000000000000        6.3797270773553703E-003   12.215387523019858     
           1   362.63569999999999        49.399824634714932                1   120641.53150790224        3.0866692006062123E-006   8.3030127739582573E-006   1.4482414572708577E-002   2.0058329900962789E-023   0.0000000000000000        6.0849904826618603E-003   12.175552988767739     
           1   362.63569999999999        49.799823223280633                1   123666.58936441450        2.9068810373480168E-006   7.7494100007710182E-006   1.4031289108910874E-002   1.9432609947042534E-023   0.0000000000000000        5.7967166520932357E-003   12.132315717998532     
           1   362.63569999999999        50.199821811847634                1   126812.62040241940        2.7342653921942120E-006   7.2183585404709327E-006   1.3576509871792156E-002   1.8801896788965000E-023   0.0000000000000000        5.5168010838079519E-003   12.087145264560270     
           1   362.63569999999999        50.599820400415958                1   130085.76217630685        2.5683113295485838E-006   6.7041301245050657E-006   1.3115708433209699E-002   1.8162902281100654E-023   0.0000000000000000        5.2433436741346831E-003   12.036139190383752     
           1   362.63569999999999        50.999818988985666                1   133492.53486229177        2.4042337071436413E-006   6.2154349962290387E-006   1.2656462536989941E-002   1.7526119218560443E-023   0.0000000000000000        4.9756448799488295E-003   11.978475168057935     
           1   362.63569999999999        51.399817577556853                1   137039.86948919977        2.2444893750808865E-006   5.7547489393641766E-006   1.2201447306030311E-002   1.6895261453816167E-023   0.0000000000000000        4.7164034815854140E-003   11.918534044432908     
           1   362.63569999999999        51.799816166129517                1   140735.13858362142        2.0936945668254814E-006   5.3120933921402154E-006   1.1742594943481335E-002   1.6259154579715950E-023   0.0000000000000000        4.4649590935703087E-003   11.855184876933460     
           1   374.38118947368417        46.999833103274241                1   98235.151780394808        1.0606647117802645E-005   2.8726047757367125E-005   2.9934849664391052E-002   4.1467333962065419E-023   0.0000000000000000        1.4328558015603791E-002   15.596018585226455     
           1   374.38118947368417        47.399831691832098                1   100495.01915867908        1.0127964408907739E-005   2.7134003501216018E-005   2.9211939579597189E-002   4.0463962542631488E-023   0.0000000000000000        1.3757499604871760E-002   15.574736485661314     
           1   374.38118947368417        47.799830280390957                1   102840.07678293715        9.6500928162366326E-006   2.5604187097272978E-005   2.8485705378354483E-002   3.9456091475247923E-023   0.0000000000000000        1.3197019387692674E-002   15.550778467113146     
           1   374.38118947368417        48.199828868950853                1   105274.37780919399        9.1848759168172125E-006   2.4115246280726111E-005   2.7747025355743204E-002   3.8431091094601723E-023   0.0000000000000000        1.2648234343881347E-002   15.524181934523195     
           1   374.38118947368417        48.599827457511786                1   107802.21284134829        8.7295998179173578E-006   2.2659161646474561E-005   2.6991750318168233E-002   3.7383203719366304E-023   0.0000000000000000        1.2108578243879217E-002   15.491226617429160     
           1   374.38118947368417        48.999826046073835                1   110428.12637676805        8.2748853262008295E-006   2.1260006958766987E-005   2.6232905543472847E-002   3.6330470496351140E-023   0.0000000000000000        1.1577881527888806E-002   15.451826152024129     
           1   374.38118947368417        49.399824634637056                1   113156.93457154230        7.8259261801785872E-006   1.9922646407094965E-005   2.5474169909547220E-002   3.5278001694005000E-023   0.0000000000000000        1.1059460277091857E-002   15.409773236541616     
           1   374.38118947368417        49.799823223201457                1   115993.74444600016        7.3936701397611610E-006   1.8625817368285508E-005   2.4704360991192931E-002   3.4210309193456373E-023   0.0000000000000000        1.0553307905244813E-002   15.364173906789549     
           1   374.38118947368417        50.199821811767123                1   118943.97466351047        6.9716744406740088E-006   1.7372108982538230E-005   2.3924742020865808E-002   3.3129130663906949E-023   0.0000000000000000        1.0057066390255207E-002   15.310763768360303     
           1   374.38118947368417        50.599820400334067                1   122013.37802938712        6.5539582834012173E-006   1.6180708146274415E-005   2.3148911899783818E-002   3.2053304010771447E-023   0.0000000000000000        9.5719545105148410E-003   15.251462460041676     
           1   374.38118947368417        50.999818988902355                1   125208.06587215289        6.1489749416394637E-006   1.5044355299516947E-005   2.2374130717710741E-002   3.0979046649189222E-023   0.0000000000000000        9.1001949294512632E-003   15.189831246627680     
           1   374.38118947368417        51.399817577472049                1   128534.53448661791        5.7621100635277642E-006   1.3948896750958410E-005   2.1589754503196803E-002   2.9891610459149811E-023   0.0000000000000000        8.6409234318825939E-003   15.122124783511151     
           1   374.38118947368417        51.799816166043200                1   131999.69383749887        5.3840509364589611E-006   1.2905713862594277E-005   2.0807078887774205E-002   2.8806627135659957E-023   0.0000000000000000        8.1923679928803967E-003   15.045908000719979     
           1   386.12667894736842        46.999833103207713                1   92326.284428390529        2.4783810341320168E-005   6.3857516343190869E-005   5.0060837320336588E-002   6.9339438193327033E-023   0.0000000000000000        2.4712964554168430E-002   19.319971795488385     
           1   386.12667894736842        47.399831691764568                1   94449.854217399828        2.3696885232121470E-005   6.0440803428504394E-005   4.8899372221560315E-002   6.7727356460646275E-023   0.0000000000000000        2.3757229017565815E-002   19.301599425961093     
           1   386.12667894736842        47.799830280322361                1   96653.461774434894        2.2632792735697144E-005   5.7092450087515382E-005   4.7710427931162668E-002   6.6077381419098214E-023   0.0000000000000000        2.2817121203487247E-002   19.277865300709593     
           1   386.12667894736842        48.199828868881191                1   98940.914249246722        2.1574337070616604E-005   5.3830925288877044E-005   4.6504201995419374E-002   6.4403629875269458E-023   0.0000000000000000        2.1889692956229372E-002   19.246466923824741     
           1   386.12667894736842        48.599827457441009                1   101316.24176908469        2.0515765081621845E-005   5.0696454064256535E-005   4.5292240375663324E-002   6.2722108436592926E-023   0.0000000000000000        2.0978959615769337E-002   19.210483759196499     
           1   386.12667894736842        48.999826046001921                1   103783.71287738344        1.9480289550455352E-005   4.7669567680774276E-005   4.4068014116712066E-002   6.1023788471366436E-023   0.0000000000000000        2.0088067423539722E-002   19.171668503714653     
           1   386.12667894736842        49.399824634563942                1   106347.85121087563        1.8474857291205700E-005   4.4718087892739244E-005   4.2822103610759971E-002   5.9295613585913355E-023   0.0000000000000000        1.9214058922134451E-002   19.126081543950811     
           1   386.12667894736842        49.799823223127113                1   109013.45352828277        1.7478537169211257E-005   4.1874511477807447E-005   4.1566468990978156E-002   5.7554138723602468E-023   0.0000000000000000        1.8355537558520003E-002   19.072257040993104     
           1   386.12667894736842        50.199821811691528                1   111785.60921535001        1.6495721014864154E-005   3.9164416676027659E-005   4.0314219109188580E-002   5.5817535727949842E-023   0.0000000000000000        1.7516554530842485E-002   19.014333071694551     
           1   386.12667894736842        50.599820400257165                1   114669.72140395192        1.5547257227533689E-005   3.6550297240594979E-005   3.9051273311835888E-002   5.4066313738617205E-023   0.0000000000000000        1.6698584759805655E-002   18.952371468589750     
           1   386.12667894736842        50.999818988824110                1   117671.52985745372        1.4627626508261495E-005   3.4025154906594490E-005   3.7773451996846723E-002   5.2294663877151720E-023   0.0000000000000000        1.5898075744910201E-002   18.881501755750204     
           1   386.12667894736842        51.399817577392426                1   120797.13579065092        1.3722183988732891E-005   3.1628144987528239E-005   3.6502272109089975E-002   5.0532382829254217E-023   0.0000000000000000        1.5115975399549259E-002   18.803040182746500     
           1   386.12667894736842        51.799816165962156                1   124053.02881066169        1.2845305520600616E-005   2.9347905722738249E-005   3.5235845997258729E-002   4.8776876908603609E-023   0.0000000000000000        1.4356273291424854E-002   18.721323274716255     
           1   397.87216842105261        46.999833103145143                1   86934.946693736842        5.4342471032339770E-005   1.3486374683117398E-004   8.0464735642105489E-002   1.1144009973489242E-022   0.0000000000000000        4.0964098668518328E-002   23.529493705875066     
           1   397.87216842105261        47.399831691701038                1   88934.187741776288        5.2044966198966692E-005   1.2690408993224994E-004   7.8636029791965809E-002   1.0890193701014683E-022   0.0000000000000000        3.9416012874157226E-002   23.509017271371189     
           1   397.87216842105261        47.799830280257858                1   91008.767774281805        4.9737442105557555E-005   1.2006141163607129E-004   7.6790779638654050E-002   1.0634112508560129E-022   0.0000000000000000        3.7888398990128899E-002   23.482633118924458     
           1   397.87216842105261        48.199828868815636                1   93162.269670196998        4.7452669416994519E-005   1.1343095045377987E-004   7.4923411623208924E-002   1.0374996935477834E-022   0.0000000000000000        3.6389624362964980E-002   23.452780562521287     
           1   397.87216842105261        48.599827457374431                1   95398.486099095084        4.5222589665977655E-005   1.0696391080992311E-004   7.3018553287607285E-002   1.0110717648742391E-022   0.0000000000000000        3.4918868689557410E-002   23.417105745154984     
           1   397.87216842105261        48.999826045934249                1   97721.434042667475        4.3017415030908239E-005   1.0067868616933960E-004   7.1089035029424902E-002   9.8430498911675275E-023   0.0000000000000000        3.3469909622303583E-002   23.372584586814575     
